Trajetoria de poco com litologia
8
X_ini
Y_ini
X_final
Y_final
Z_ini
Z_final
Z_center
cod_lito
678650	7148241	678650	7148241	-5006.744	-5006.917	-5006.831	1
678650	7148241	678650	7148241	-5006.917	-5006.967	-5006.942	7
678650	7148241	678650	7148241	-5006.967	-5007.239	-5007.103	1
678650	7148241	678650	7148241	-5007.239	-5007.741	-5007.49	1
678650	7148241	678650	7148241	-5008.087	-5008.595	-5008.341	1
678650	7148241	678650	7148241	-5008.592	-5008.655	-5008.624	1
678650	7148241	678650	7148241	-5008.655	-5008.68	-5008.668	6
678650	7148241	678650	7148241	-5008.68	-5008.706	-5008.693	5
678650	7148241	678650	7148241	-5008.706	-5008.773	-5008.74	7
678650	7148241	678650	7148241	-5008.773	-5008.845	-5008.809	5
678650	7148241	678650	7148241	-5008.845	-5008.881	-5008.863	7
678650	7148241	678650	7148241	-5008.881	-5008.909	-5008.895	6
678650	7148241	678650	7148241	-5008.909	-5009.206	-5009.058	7
678650	7148241	678650	7148241	-5009.206	-5009.386	-5009.296	6
678650	7148241	678650	7148241	-5009.386	-5009.433	-5009.41	7
678650	7148241	678650	7148241	-5009.433	-5009.504	-5009.469	1
678650	7148241	678650	7148241	-5009.504	-5009.569	-5009.537	6
678650	7148241	678650	7148241	-5009.569	-5009.737	-5009.653	7
678650	7148241	678650	7148241	-5009.737	-5010.237	-5009.987	1
678650	7148241	678650	7148241	-5010.75	-5011.651	-5011.201	7
678650	7148241	678650	7148241	-5011.651	-5011.848	-5011.75	1
678650	7148241	678650	7148241	-5011.848	-5012.272	-5012.06	7
678650	7148241	678650	7148241	-5012.272	-5012.599	-5012.436	3
678650	7148241	678650	7148241	-5012.6	-5013.167	-5012.884	1
678650	7148241	678650	7148241	-5013.167	-5013.453	-5013.31	7
678650	7148241	678650	7148241	-5013.453	-5013.909	-5013.681	7
678650	7148241	678650	7148241	-5013.909	-5014.085	-5013.997	3
678650	7148241	678650	7148241	-5014.085	-5014.151	-5014.118	7
678650	7148241	678650	7148241	-5014.151	-5014.613	-5014.382	7
678650	7148241	678650	7148241	-5014.613	-5014.68	-5014.647	1
678650	7148241	678650	7148241	-5014.68	-5014.97	-5014.825	5
678650	7148241	678650	7148241	-5014.97	-5015.014	-5014.992	7
678650	7148241	678650	7148241	-5015.014	-5015.158	-5015.086	1
678650	7148241	678650	7148241	-5015.159	-5015.773	-5015.466	7
678650	7148241	678650	7148241	-5015.773	-5016.197	-5015.985	3
678650	7148241	678650	7148241	-5016.197	-5016.958	-5016.578	7
678650	7148241	678650	7148241	-5016.958	-5017.09	-5017.024	3
678650	7148241	678650	7148241	-5017.09	-5017.173	-5017.132	7
678650	7148241	678650	7148241	-5017.173	-5017.295	-5017.234	8
678650	7148241	678650	7148241	-5017.295	-5017.526	-5017.411	7
678650	7148241	678650	7148241	-5017.526	-5017.667	-5017.597	8
678650	7148241	678650	7148241	-5017.667	-5017.973	-5017.82	7
678650	7148241	678650	7148241	-5017.973	-5018.811	-5018.392	3
678650	7148241	678650	7148241	-5018.811	-5019.102	-5018.957	3
678650	7148241	678650	7148241	-5019.102	-5019.142	-5019.122	7
678650	7148241	678650	7148241	-5019.142	-5019.222	-5019.182	3
678650	7148241	678650	7148241	-5019.222	-5020.208	-5019.715	7
678650	7148241	678650	7148241	-5020.208	-5020.339	-5020.274	5
678650	7148241	678650	7148241	-5020.339	-5020.363	-5020.351	7
678650	7148241	678650	7148241	-5020.363	-5020.443	-5020.403	5
678650	7148241	678650	7148241	-5020.443	-5020.469	-5020.456	7
678650	7148241	678650	7148241	-5020.469	-5020.552	-5020.511	5
678650	7148241	678650	7148241	-5020.552	-5020.862	-5020.707	3
678650	7148241	678650	7148241	-5020.862	-5021.331	-5021.097	7
678650	7148241	678650	7148241	-5021.331	-5021.552	-5021.442	5
678650	7148241	678650	7148241	-5021.552	-5021.83	-5021.691	7
678650	7148241	678650	7148241	-5021.83	-5022.264	-5022.047	5
678650	7148241	678650	7148241	-5022.264	-5022.55	-5022.407	1
678650	7148241	678650	7148241	-5023.782	-5024.185	-5023.984	5
678650	7148241	678650	7148241	-5024.185	-5024.216	-5024.201	1
678650	7148241	678650	7148241	-5024.216	-5024.697	-5024.457	5
678650	7148241	678650	7148241	-5024.697	-5025.157	-5024.927	1
678650	7148241	678650	7148241	-5025.157	-5025.199	-5025.178	6
678650	7148241	678650	7148241	-5025.199	-5025.302	-5025.251	5
678650	7148241	678650	7148241	-5025.302	-5025.357	-5025.33	1
678650	7148241	678650	7148241	-5025.357	-5025.62	-5025.489	5
678650	7148241	678650	7148241	-5025.62	-5025.714	-5025.667	1
678650	7148241	678650	7148241	-5025.714	-5026.656	-5026.185	5
678650	7148241	678650	7148241	-5026.656	-5027.149	-5026.903	7
678650	7148241	678650	7148241	-5027.15	-5027.822	-5027.486	3
678650	7148241	678650	7148241	-5027.822	-5027.857	-5027.84	5
678650	7148241	678650	7148241	-5027.857	-5028.194	-5028.026	1
678650	7148241	678650	7148241	-5028.194	-5028.245	-5028.22	5
678650	7148241	678650	7148241	-5028.245	-5030.021	-5029.133	1
678650	7148241	678650	7148241	-5030.021	-5030.043	-5030.032	6
678650	7148241	678650	7148241	-5030.043	-5030.145	-5030.094	1
678650	7148241	678650	7148241	-5030.145	-5030.156	-5030.151	6
678650	7148241	678650	7148241	-5030.156	-5030.175	-5030.166	1
678650	7148241	678650	7148241	-5030.176	-5030.195	-5030.186	6
678650	7148241	678650	7148241	-5030.195	-5030.242	-5030.219	1
678650	7148241	678650	7148241	-5030.242	-5030.275	-5030.259	7
678650	7148241	678650	7148241	-5030.275	-5030.293	-5030.284	1
678650	7148241	678650	7148241	-5030.293	-5030.509	-5030.401	7
678650	7148241	678650	7148241	-5030.51	-5031.038	-5030.774	3
678650	7148241	678650	7148241	-5031.038	-5031.687	-5031.363	5
678650	7148241	678650	7148241	-5031.687	-5031.705	-5031.696	1
678650	7148241	678650	7148241	-5031.705	-5031.741	-5031.723	5
678650	7148241	678650	7148241	-5031.741	-5031.767	-5031.754	1
678650	7148241	678650	7148241	-5031.767	-5031.882	-5031.825	5
678650	7148241	678650	7148241	-5031.882	-5031.959	-5031.921	1
678650	7148241	678650	7148241	-5031.959	-5032.327	-5032.143	5
678650	7148241	678650	7148241	-5032.327	-5032.357	-5032.342	1
678650	7148241	678650	7148241	-5032.358	-5032.71	-5032.534	5
678650	7148241	678650	7148241	-5032.71	-5032.779	-5032.745	6
678650	7148241	678650	7148241	-5032.78	-5033.396	-5033.088	3
678650	7148241	678650	7148241	-5033.396	-5033.409	-5033.403	5
678650	7148241	678650	7148241	-5033.409	-5033.438	-5033.424	6
678650	7148241	678650	7148241	-5033.438	-5033.529	-5033.484	5
678650	7148241	678650	7148241	-5033.529	-5034.059	-5033.794	1
678650	7148241	678650	7148241	-5034.059	-5034.41	-5034.235	5
678650	7148241	678650	7148241	-5034.41	-5034.463	-5034.437	1
678650	7148241	678650	7148241	-5034.463	-5035.084	-5034.774	5
678650	7148241	678650	7148241	-5035.084	-5035.34	-5035.212	6
678650	7148241	678650	7148241	-5035.34	-5035.479	-5035.41	5
678650	7148241	678650	7148241	-5035.479	-5036.09	-5035.785	1
678650	7148241	678650	7148241	-5036.09	-5036.368	-5036.229	5
678650	7148241	678650	7148241	-5036.368	-5036.437	-5036.403	1
678650	7148241	678650	7148241	-5036.437	-5036.597	-5036.517	5
678650	7148241	678650	7148241	-5036.597	-5036.778	-5036.688	1
678650	7148241	678650	7148241	-5036.778	-5037.289	-5037.034	5
678650	7148241	678650	7148241	-5037.289	-5037.322	-5037.306	6
678650	7148241	678650	7148241	-5037.322	-5037.427	-5037.375	5
678650	7148241	678650	7148241	-5037.427	-5037.457	-5037.442	6
678650	7148241	678650	7148241	-5037.457	-5039.917	-5038.687	5
678650	7148241	678650	7148241	-5039.917	-5040.088	-5040.003	6
678650	7148241	678650	7148241	-5040.088	-5040.274	-5040.181	7
678650	7148241	678650	7148241	-5040.274	-5040.376	-5040.325	5
678650	7148241	678650	7148241	-5040.376	-5040.523	-5040.45	5
678650	7148241	678650	7148241	-5040.523	-5040.737	-5040.63	7
678650	7148241	678650	7148241	-5040.737	-5040.896	-5040.817	3
678650	7148241	678650	7148241	-5040.896	-5041.293	-5041.095	5
678650	7148241	678650	7148241	-5041.293	-5042.958	-5042.126	5
678650	7148241	678650	7148241	-5042.958	-5043.805	-5043.382	3
678650	7148241	678650	7148241	-5043.805	-5044.021	-5043.913	5
678650	7148241	678650	7148241	-5044.021	-5044.065	-5044.043	6
678650	7148241	678650	7148241	-5044.065	-5044.125	-5044.095	5
678650	7148241	678650	7148241	-5044.125	-5044.188	-5044.157	6
678650	7148241	678650	7148241	-5044.188	-5044.324	-5044.256	5
678650	7148241	678650	7148241	-5044.324	-5044.521	-5044.423	6
678650	7148241	678650	7148241	-5044.521	-5045.312	-5044.917	5
678650	7148241	678650	7148241	-5045.312	-5045.347	-5045.33	1
678650	7148241	678650	7148241	-5045.347	-5045.642	-5045.495	5
678650	7148241	678650	7148241	-5045.642	-5045.697	-5045.67	1
678650	7148241	678650	7148241	-5045.697	-5045.794	-5045.746	5
678650	7148241	678650	7148241	-5045.794	-5045.882	-5045.838	5
678650	7148241	678650	7148241	-5046.23	-5046.347	-5046.289	1
678650	7148241	678650	7148241	-5046.347	-5046.384	-5046.366	5
678650	7148241	678650	7148241	-5046.384	-5047.12	-5046.752	1
678650	7148241	678650	7148241	-5047.12	-5047.189	-5047.155	5
678650	7148241	678650	7148241	-5047.189	-5047.841	-5047.515	1
678650	7148241	678650	7148241	-5047.841	-5048.138	-5047.99	5
678650	7148241	678650	7148241	-5048.138	-5048.199	-5048.169	5
678650	7148241	678650	7148241	-5048.199	-5048.241	-5048.22	7
678650	7148241	678650	7148241	-5048.241	-5048.495	-5048.368	15
678650	7148241	678650	7148241	-5048.495	-5048.537	-5048.516	7
678650	7148241	678650	7148241	-5048.537	-5048.578	-5048.558	6
678650	7148241	678650	7148241	-5048.578	-5048.641	-5048.61	7
678650	7148241	678650	7148241	-5048.641	-5048.819	-5048.73	15
678650	7148241	678650	7148241	-5048.819	-5048.846	-5048.833	5
678650	7148241	678650	7148241	-5048.846	-5049.04	-5048.943	15
678650	7148241	678650	7148241	-5049.04	-5049.076	-5049.058	5
678650	7148241	678650	7148241	-5049.076	-5049.149	-5049.113	6
678650	7148241	678650	7148241	-5049.149	-5049.183	-5049.166	5
678650	7148241	678650	7148241	-5049.183	-5049.255	-5049.219	7
678650	7148241	678650	7148241	-5049.255	-5049.652	-5049.454	15
678650	7148241	678650	7148241	-5049.652	-5049.865	-5049.759	1
678650	7148241	678650	7148241	-5049.865	-5050.039	-5049.952	7
678650	7148241	678650	7148241	-5050.039	-5050.069	-5050.054	5
678650	7148241	678650	7148241	-5050.069	-5050.291	-5050.18	7
678650	7148241	678650	7148241	-5050.291	-5050.344	-5050.318	7
678650	7148241	678650	7148241	-5050.344	-5050.47	-5050.407	7
678650	7148241	678650	7148241	-5050.47	-5050.715	-5050.593	15
678650	7148241	678650	7148241	-5050.715	-5051.708	-5051.212	6
678650	7148241	678650	7148241	-5051.708	-5051.741	-5051.725	7
678650	7148241	678650	7148241	-5051.741	-5051.873	-5051.807	6
678650	7148241	678650	7148241	-5051.873	-5051.892	-5051.883	7
678650	7148241	678650	7148241	-5051.892	-5051.939	-5051.916	6
678650	7148241	678650	7148241	-5051.939	-5051.962	-5051.951	7
678650	7148241	678650	7148241	-5051.962	-5052.136	-5052.049	6
678650	7148241	678650	7148241	-5052.136	-5052.588	-5052.362	7
678650	7148241	678650	7148241	-5052.588	-5052.635	-5052.612	6
678650	7148241	678650	7148241	-5052.635	-5052.931	-5052.783	5
678650	7148241	678650	7148241	-5052.931	-5054.135	-5053.533	5
678650	7148241	678650	7148241	-5054.135	-5054.194	-5054.165	5
678650	7148241	678650	7148241	-5054.194	-5054.573	-5054.384	5
678650	7148241	678650	7148241	-5054.573	-5055.501	-5055.037	5
678650	7148241	678650	7148241	-5055.501	-5055.539	-5055.52	6
678650	7148241	678650	7148241	-5055.539	-5055.968	-5055.754	5
678650	7148241	678650	7148241	-5055.968	-5056.019	-5055.994	6
678650	7148241	678650	7148241	-5056.019	-5056.039	-5056.029	5
678650	7148241	678650	7148241	-5056.039	-5056.093	-5056.066	6
678650	7148241	678650	7148241	-5056.093	-5056.16	-5056.127	5
678650	7148241	678650	7148241	-5056.16	-5056.373	-5056.267	6
678650	7148241	678650	7148241	-5056.373	-5056.674	-5056.524	15
678650	7148241	678650	7148241	-5056.674	-5056.69	-5056.682	3
678650	7148241	678650	7148241	-5056.69	-5056.748	-5056.719	5
678650	7148241	678650	7148241	-5056.748	-5056.973	-5056.861	5
678650	7148241	678650	7148241	-5056.973	-5057.412	-5057.193	1
678650	7148241	678650	7148241	-5057.412	-5057.503	-5057.458	2
678650	7148241	678650	7148241	-5057.503	-5057.877	-5057.69	5
678650	7148241	678650	7148241	-5057.877	-5058.277	-5058.077	1
678650	7148241	678650	7148241	-5058.277	-5058.679	-5058.478	5
678650	7148241	678650	7148241	-5058.679	-5058.824	-5058.752	6
678650	7148241	678650	7148241	-5058.824	-5058.958	-5058.891	5
678650	7148241	678650	7148241	-5058.958	-5059.106	-5059.032	2
678650	7148241	678650	7148241	-5059.106	-5059.536	-5059.321	2
678650	7148241	678650	7148241	-5059.536	-5060.039	-5059.788	6
678650	7148241	678650	7148241	-5060.039	-5060.071	-5060.055	5
678650	7148241	678650	7148241	-5060.072	-5060.176	-5060.124	7
678650	7148241	678650	7148241	-5060.176	-5060.285	-5060.231	8
678650	7148241	678650	7148241	-5060.285	-5060.33	-5060.308	7
678650	7148241	678650	7148241	-5060.33	-5060.428	-5060.379	6
678650	7148241	678650	7148241	-5060.428	-5062.514	-5061.471	5
678650	7148241	678650	7148241	-5062.514	-5062.566	-5062.54	6
678650	7148241	678650	7148241	-5062.566	-5062.588	-5062.577	5
678650	7148241	678650	7148241	-5062.588	-5062.639	-5062.614	6
678650	7148241	678650	7148241	-5062.639	-5062.666	-5062.653	5
678650	7148241	678650	7148241	-5062.666	-5062.752	-5062.709	6
678650	7148241	678650	7148241	-5062.752	-5062.776	-5062.764	5
678650	7148241	678650	7148241	-5062.776	-5062.814	-5062.795	6
678650	7148241	678650	7148241	-5062.814	-5062.84	-5062.827	5
678650	7148241	678650	7148241	-5062.84	-5064.022	-5063.431	6
678650	7148241	678650	7148241	-5064.022	-5064.219	-5064.121	5
678650	7148241	678650	7148241	-5064.219	-5064.329	-5064.274	6
678650	7148241	678650	7148241	-5064.329	-5064.366	-5064.348	5
678650	7148241	678650	7148241	-5064.366	-5064.528	-5064.447	6
678650	7148241	678650	7148241	-5064.528	-5064.555	-5064.542	5
678650	7148241	678650	7148241	-5064.555	-5064.718	-5064.637	6
678650	7148241	678650	7148241	-5064.718	-5064.756	-5064.737	5
678650	7148241	678650	7148241	-5064.756	-5065.019	-5064.888	6
678650	7148241	678650	7148241	-5065.019	-5065.048	-5065.034	5
678650	7148241	678650	7148241	-5065.048	-5065.34	-5065.194	6
678650	7148241	678650	7148241	-5065.34	-5065.375	-5065.358	5
678650	7148241	678650	7148241	-5065.376	-5065.504	-5065.44	6
678650	7148241	678650	7148241	-5065.504	-5065.632	-5065.568	5
678650	7148241	678650	7148241	-5065.632	-5065.668	-5065.65	6
678650	7148241	678650	7148241	-5065.668	-5065.712	-5065.69	5
678650	7148241	678650	7148241	-5065.712	-5065.736	-5065.724	6
678650	7148241	678650	7148241	-5065.736	-5065.755	-5065.746	5
678650	7148241	678650	7148241	-5065.755	-5065.776	-5065.766	6
678650	7148241	678650	7148241	-5065.776	-5066.164	-5065.97	5
678650	7148241	678650	7148241	-5066.164	-5066.197	-5066.181	6
678650	7148241	678650	7148241	-5066.197	-5066.239	-5066.218	5
678650	7148241	678650	7148241	-5066.239	-5066.275	-5066.257	6
678650	7148241	678650	7148241	-5066.275	-5066.312	-5066.294	5
678650	7148241	678650	7148241	-5066.312	-5066.395	-5066.354	6
678650	7148241	678650	7148241	-5066.395	-5066.442	-5066.419	5
678650	7148241	678650	7148241	-5066.442	-5066.57	-5066.506	6
678650	7148241	678650	7148241	-5066.57	-5066.6	-5066.585	5
678650	7148241	678650	7148241	-5066.6	-5066.918	-5066.759	6
678650	7148241	678650	7148241	-5066.918	-5066.986	-5066.952	5
678650	7148241	678650	7148241	-5066.986	-5067.276	-5067.131	6
678650	7148241	678650	7148241	-5067.276	-5067.856	-5067.566	5
678650	7148241	678650	7148241	-5067.856	-5067.913	-5067.885	6
678650	7148241	678650	7148241	-5067.913	-5067.981	-5067.947	5
678650	7148241	678650	7148241	-5067.981	-5068.011	-5067.996	6
678650	7148241	678650	7148241	-5068.011	-5068.041	-5068.026	5
678650	7148241	678650	7148241	-5068.041	-5068.14	-5068.091	5
678650	7148241	678650	7148241	-5068.14	-5068.163	-5068.152	6
678650	7148241	678650	7148241	-5068.163	-5068.36	-5068.262	5
678650	7148241	678650	7148241	-5068.36	-5068.381	-5068.371	6
678650	7148241	678650	7148241	-5068.381	-5069.62	-5069.001	5
678650	7148241	678650	7148241	-5069.62	-5069.899	-5069.76	6
678650	7148241	678650	7148241	-5069.899	-5069.941	-5069.92	3
678650	7148241	678650	7148241	-5069.941	-5070.029	-5069.985	7
678650	7148241	678650	7148241	-5070.029	-5070.093	-5070.061	8
678650	7148241	678650	7148241	-5070.093	-5070.231	-5070.162	7
678650	7148241	678650	7148241	-5070.231	-5070.261	-5070.246	8
678650	7148241	678650	7148241	-5070.261	-5070.347	-5070.304	6
678650	7148241	678650	7148241	-5070.347	-5070.377	-5070.362	5
678650	7148241	678650	7148241	-5070.377	-5070.756	-5070.567	6
678650	7148241	678650	7148241	-5070.756	-5071.02	-5070.888	5
678650	7148241	678650	7148241	-5071.02	-5071.084	-5071.052	15
678650	7148241	678650	7148241	-5071.084	-5071.108	-5071.096	5
678650	7148241	678650	7148241	-5071.108	-5071.143	-5071.126	15
678650	7148241	678650	7148241	-5071.143	-5071.174	-5071.159	5
678650	7148241	678650	7148241	-5071.174	-5071.209	-5071.192	5
678650	7148241	678650	7148241	-5071.209	-5072.161	-5071.685	15
678650	7148241	678650	7148241	-5072.161	-5072.296	-5072.229	3
678650	7148241	678650	7148241	-5072.296	-5072.602	-5072.449	5
678650	7148241	678650	7148241	-5072.602	-5072.907	-5072.755	3
678650	7148241	678650	7148241	-5072.907	-5072.933	-5072.92	6
678650	7148241	678650	7148241	-5072.933	-5072.95	-5072.942	7
678650	7148241	678650	7148241	-5072.95	-5072.986	-5072.968	6
678650	7148241	678650	7148241	-5072.986	-5073.008	-5072.997	7
678650	7148241	678650	7148241	-5073.008	-5073.047	-5073.028	6
678650	7148241	678650	7148241	-5073.047	-5073.331	-5073.189	7
678650	7148241	678650	7148241	-5073.331	-5073.422	-5073.377	5
678650	7148241	678650	7148241	-5073.422	-5073.51	-5073.466	5
678650	7148241	678650	7148241	-5073.51	-5073.56	-5073.535	6
678650	7148241	678650	7148241	-5073.56	-5073.584	-5073.572	5
678650	7148241	678650	7148241	-5073.584	-5074.096	-5073.84	6
678650	7148241	678650	7148241	-5074.096	-5074.247	-5074.172	5
678650	7148241	678650	7148241	-5074.247	-5075.047	-5074.647	5
678650	7148241	678650	7148241	-5075.047	-5075.077	-5075.062	6
678650	7148241	678650	7148241	-5075.077	-5075.174	-5075.126	5
678650	7148241	678650	7148241	-5075.174	-5075.202	-5075.188	6
678650	7148241	678650	7148241	-5075.202	-5075.389	-5075.296	5
678650	7148241	678650	7148241	-5075.389	-5075.474	-5075.432	6
678650	7148241	678650	7148241	-5075.474	-5075.532	-5075.503	5
678650	7148241	678650	7148241	-5075.532	-5075.579	-5075.556	6
678650	7148241	678650	7148241	-5075.579	-5075.614	-5075.597	5
678650	7148241	678650	7148241	-5075.614	-5075.773	-5075.694	6
678650	7148241	678650	7148241	-5075.773	-5076.034	-5075.904	5
678650	7148241	678650	7148241	-5076.034	-5076.12	-5076.077	5
678650	7148241	678650	7148241	-5076.145	-5076.182	-5076.164	5
678650	7148241	678650	7148241	-5076.182	-5076.291	-5076.237	5
678650	7148241	678650	7148241	-5076.291	-5076.327	-5076.309	5
678650	7148241	678650	7148241	-5076.327	-5076.341	-5076.334	5
678650	7148241	678650	7148241	-5076.341	-5076.73	-5076.536	5
678650	7148241	678650	7148241	-5076.73	-5077.16	-5076.945	5
678650	7148241	678650	7148241	-5077.16	-5077.205	-5077.183	5
678650	7148241	678650	7148241	-5077.205	-5077.237	-5077.221	5
678650	7148241	678650	7148241	-5077.237	-5077.266	-5077.252	5
678650	7148241	678650	7148241	-5077.266	-5077.908	-5077.587	5
678650	7148241	678650	7148241	-5077.908	-5079.551	-5078.73	5
678650	7148241	678650	7148241	-5079.551	-5079.909	-5079.73	5
678650	7148241	678650	7148241	-5079.909	-5079.987	-5079.948	1
678650	7148241	678650	7148241	-5079.987	-5081.628	-5080.808	5
678650	7148241	678650	7148241	-5081.628	-5081.751	-5081.69	5
678650	7148241	678650	7148241	-5081.751	-5081.858	-5081.805	6
678650	7148241	678650	7148241	-5081.858	-5084.419	-5083.139	5
678650	7148241	678650	7148241	-5084.419	-5084.535	-5084.477	6
678650	7148241	678650	7148241	-5084.535	-5086.093	-5085.314	5
678650	7148241	678650	7148241	-5086.093	-5086.213	-5086.153	5
678650	7148241	678650	7148241	-5086.213	-5086.354	-5086.284	1
678650	7148241	678650	7148241	-5086.354	-5086.432	-5086.393	5
678650	7148241	678650	7148241	-5086.432	-5086.541	-5086.487	1
678650	7148241	678650	7148241	-5086.541	-5087	-5086.771	5
678650	7148241	678650	7148241	-5087	-5087.085	-5087.043	2
678650	7148241	678650	7148241	-5087.085	-5087.649	-5087.367	5
678650	7148241	678650	7148241	-5087.649	-5087.717	-5087.683	5
678650	7148241	678650	7148241	-5087.717	-5087.773	-5087.745	6
678650	7148241	678650	7148241	-5087.773	-5088.922	-5088.348	5
678650	7148241	678650	7148241	-5088.922	-5089.35	-5089.136	6
678650	7148241	678650	7148241	-5089.35	-5090.66	-5090.005	5
678650	7148241	678650	7148241	-5090.66	-5091.012	-5090.836	6
678650	7148241	678650	7148241	-5091.012	-5091.094	-5091.053	5
678650	7148241	678650	7148241	-5091.094	-5091.12	-5091.107	6
678650	7148241	678650	7148241	-5091.12	-5091.186	-5091.153	5
678650	7148241	678650	7148241	-5091.186	-5091.23	-5091.208	5
678650	7148241	678650	7148241	-5091.23	-5091.431	-5091.331	6
678650	7148241	678650	7148241	-5091.431	-5093.001	-5092.216	5
678650	7148241	678650	7148241	-5093.001	-5093.16	-5093.081	2
678650	7148241	678650	7148241	-5093.16	-5093.24	-5093.2	5
678650	7148241	678650	7148241	-5093.24	-5093.319	-5093.28	5
678650	7148241	678650	7148241	-5093.319	-5093.391	-5093.355	6
678650	7148241	678650	7148241	-5093.391	-5093.442	-5093.417	5
678650	7148241	678650	7148241	-5093.442	-5093.547	-5093.495	6
678650	7148241	678650	7148241	-5093.547	-5093.572	-5093.56	5
678650	7148241	678650	7148241	-5093.572	-5093.664	-5093.618	6
678650	7148241	678650	7148241	-5093.664	-5094.459	-5094.062	5
678650	7148241	678650	7148241	-5094.459	-5094.564	-5094.512	5
678650	7148241	678650	7148241	-5094.564	-5094.593	-5094.579	5
678650	7148241	678650	7148241	-5094.593	-5094.876	-5094.735	5
678650	7148241	678650	7148241	-5094.876	-5095.004	-5094.94	6
678650	7148241	678650	7148241	-5095.004	-5098.609	-5096.807	1
678650	7148241	678650	7148241	-5098.609	-5098.644	-5098.627	5
678650	7148241	678650	7148241	-5098.644	-5098.757	-5098.701	1
678650	7148241	678650	7148241	-5098.757	-5098.821	-5098.789	5
678650	7148241	678650	7148241	-5098.821	-5099.037	-5098.929	1
678650	7148241	678650	7148241	-5099.037	-5099.108	-5099.073	5
678650	7148241	678650	7148241	-5099.108	-5101.755	-5100.432	1
678650	7148241	678650	7148241	-5101.755	-5102.078	-5101.917	5
678650	7148241	678650	7148241	-5102.078	-5102.248	-5102.163	5
678650	7148241	678650	7148241	-5102.248	-5103.853	-5103.051	1
678650	7148241	678650	7148241	-5103.853	-5103.893	-5103.873	5
678650	7148241	678650	7148241	-5103.893	-5109.288	-5106.591	1
678650	7148241	678650	7148241	-5109.288	-5109.331	-5109.31	1
678650	7148241	678650	7148241	-5109.331	-5110.348	-5109.84	1
678650	7148241	678650	7148241	-5110.348	-5110.671	-5110.51	9
678650	7148241	678650	7148241	-5110.671	-5111.122	-5110.897	1
678650	7148241	678650	7148241	-5111.122	-5111.495	-5111.309	9
678650	7148241	678650	7148241	-5111.955	-5113.545	-5112.75	5
678650	7148241	678650	7148241	-5114.112	-5114.491	-5114.302	5
678650	7148241	678650	7148241	-5114.491	-5115.2	-5114.846	5
678650	7148241	678650	7148241	-5115.2	-5115.802	-5115.501	5
678650	7148241	678650	7148241	-5115.802	-5117.704	-5116.753	5
678650	7148241	678650	7148241	-5117.704	-5118.604	-5118.154	5
678650	7148241	678650	7148241	-5118.604	-5118.743	-5118.674	1
678650	7148241	678650	7148241	-5118.743	-5118.935	-5118.839	5
678650	7148241	678650	7148241	-5118.935	-5119.202	-5119.069	6
678650	7148241	678650	7148241	-5119.202	-5119.497	-5119.35	5
678650	7148241	678650	7148241	-5119.497	-5119.781	-5119.639	5
678650	7148241	678650	7148241	-5119.781	-5120.784	-5120.283	5
678650	7148241	678650	7148241	-5120.81	-5121.62	-5121.215	5
678650	7148241	678650	7148241	-5121.62	-5121.688	-5121.654	6
678650	7148241	678650	7148241	-5121.688	-5121.926	-5121.807	5
678650	7148241	678650	7148241	-5121.926	-5122.198	-5122.062	1
678650	7148241	678650	7148241	-5122.198	-5122.334	-5122.266	5
678650	7148241	678650	7148241	-5122.334	-5123.716	-5123.025	5
678650	7148241	678650	7148241	-5123.716	-5124.914	-5124.315	5
678650	7148241	678650	7148241	-5124.914	-5125.09	-5125.002	6
678650	7148241	678650	7148241	-5125.09	-5127.272	-5126.181	5
678650	7148241	678650	7148241	-5127.272	-5127.798	-5127.535	5
678650	7148241	678650	7148241	-5127.798	-5128.024	-5127.911	7
678650	7148241	678650	7148241	-5128.024	-5128.172	-5128.098	5
678650	7148241	678650	7148241	-5128.172	-5128.495	-5128.334	7
678650	7148241	678650	7148241	-5128.495	-5128.62	-5128.558	6
678650	7148241	678650	7148241	-5128.62	-5128.666	-5128.643	5
678650	7148241	678650	7148241	-5128.666	-5128.765	-5128.716	6
678650	7148241	678650	7148241	-5128.765	-5129.803	-5129.284	5
678650	7148241	678650	7148241	-5129.803	-5130.902	-5130.353	1
678650	7148241	678650	7148241	-5130.902	-5131.807	-5131.355	5
678650	7148241	678650	7148241	-5131.807	-5134.727	-5133.267	5
678650	7148241	678650	7148241	-5134.727	-5134.857	-5134.792	5
678650	7148241	678650	7148241	-5134.857	-5135.166	-5135.012	5
678650	7148241	678650	7148241	-5135.166	-5135.268	-5135.217	5
678650	7148241	678650	7148241	-5135.268	-5135.614	-5135.441	5
678650	7148241	678650	7148241	-5135.614	-5135.677	-5135.646	5
678650	7148241	678650	7148241	-5135.677	-5136.718	-5136.198	6
678650	7148241	678650	7148241	-5136.718	-5137.125	-5136.922	5
678650	7148241	678650	7148241	-5137.125	-5137.343	-5137.234	6
678650	7148241	678650	7148241	-5137.343	-5137.379	-5137.361	5
678650	7148241	678650	7148241	-5137.379	-5137.645	-5137.512	6
678650	7148241	678650	7148241	-5137.645	-5137.699	-5137.672	5
678650	7148241	678650	7148241	-5137.699	-5137.792	-5137.746	6
678650	7148241	678650	7148241	-5137.792	-5137.844	-5137.818	5
678650	7148241	678650	7148241	-5137.844	-5137.871	-5137.858	6
678650	7148241	678650	7148241	-5137.871	-5137.929	-5137.9	5
678650	7148241	678650	7148241	-5137.929	-5137.985	-5137.957	5
678650	7148241	678650	7148241	-5137.985	-5138.527	-5138.256	6
678650	7148241	678650	7148241	-5138.527	-5138.573	-5138.55	5
678650	7148241	678650	7148241	-5138.573	-5138.676	-5138.625	6
678650	7148241	678650	7148241	-5138.676	-5138.767	-5138.722	7
678650	7148241	678650	7148241	-5138.767	-5138.861	-5138.814	6
678650	7148241	678650	7148241	-5138.861	-5138.896	-5138.879	5
678650	7148241	678650	7148241	-5138.896	-5138.977	-5138.937	6
678650	7148241	678650	7148241	-5138.977	-5139.011	-5138.994	6
678650	7148241	678650	7148241	-5139.011	-5139.236	-5139.124	6
678650	7148241	678650	7148241	-5139.236	-5139.597	-5139.417	5
678650	7148241	678650	7148241	-5139.597	-5139.856	-5139.727	5
678650	7148241	678650	7148241	-5139.856	-5140.304	-5140.08	5
678650	7148241	678650	7148241	-5140.304	-5140.577	-5140.441	5
678650	7148241	678650	7148241	-5140.577	-5140.706	-5140.642	5
678650	7148241	678650	7148241	-5140.706	-5141.302	-5141.004	6
678650	7148241	678650	7148241	-5141.302	-5141.763	-5141.533	5
678650	7148241	678650	7148241	-5141.763	-5141.813	-5141.788	7
678650	7148241	678650	7148241	-5141.813	-5142.193	-5142.003	5
678650	7148241	678650	7148241	-5142.193	-5142.223	-5142.208	6
678650	7148241	678650	7148241	-5142.223	-5142.29	-5142.257	5
678650	7148241	678650	7148241	-5142.29	-5142.85	-5142.57	6
678650	7148241	678650	7148241	-5142.85	-5142.888	-5142.869	5
678650	7148241	678650	7148241	-5142.888	-5143.114	-5143.001	6
678650	7148241	678650	7148241	-5143.114	-5143.198	-5143.156	5
678650	7148241	678650	7148241	-5143.198	-5143.376	-5143.287	5
678650	7148241	678650	7148241	-5143.376	-5143.861	-5143.619	5
678650	7148241	678650	7148241	-5143.861	-5143.922	-5143.892	6
678650	7148241	678650	7148241	-5143.922	-5143.954	-5143.938	5
678650	7148241	678650	7148241	-5143.954	-5144.101	-5144.028	6
678650	7148241	678650	7148241	-5144.101	-5144.163	-5144.132	5
678650	7148241	678650	7148241	-5144.163	-5144.424	-5144.294	6
678650	7148241	678650	7148241	-5144.424	-5144.451	-5144.438	5
678650	7148241	678650	7148241	-5144.451	-5144.539	-5144.495	6
678650	7148241	678650	7148241	-5144.539	-5145.054	-5144.797	5
678650	7148241	678650	7148241	-5145.054	-5145.102	-5145.078	6
678650	7148241	678650	7148241	-5145.102	-5146.072	-5145.587	5
678650	7148241	678650	7148241	-5146.072	-5146.105	-5146.089	6
678650	7148241	678650	7148241	-5146.105	-5146.147	-5146.126	5
678650	7148241	678650	7148241	-5146.147	-5146.214	-5146.181	6
678650	7148241	678650	7148241	-5146.214	-5146.341	-5146.278	5
678650	7148241	678650	7148241	-5146.341	-5146.384	-5146.363	6
678650	7148241	678650	7148241	-5146.384	-5146.571	-5146.478	5
678650	7148241	678650	7148241	-5146.571	-5146.681	-5146.626	5
678650	7148241	678650	7148241	-5146.681	-5146.708	-5146.695	5
678650	7148241	678650	7148241	-5146.708	-5146.763	-5146.736	6
678650	7148241	678650	7148241	-5146.763	-5147.282	-5147.023	5
678650	7148241	678650	7148241	-5147.282	-5147.341	-5147.312	6
678650	7148241	678650	7148241	-5147.341	-5147.898	-5147.62	5
678650	7148241	678650	7148241	-5147.898	-5147.973	-5147.936	6
678650	7148241	678650	7148241	-5147.973	-5148.011	-5147.992	5
678650	7148241	678650	7148241	-5148.011	-5148.189	-5148.1	6
678650	7148241	678650	7148241	-5148.189	-5148.246	-5148.218	5
678650	7148241	678650	7148241	-5148.246	-5148.602	-5148.424	6
678650	7148241	678650	7148241	-5148.602	-5148.793	-5148.698	7
678650	7148241	678650	7148241	-5148.793	-5148.861	-5148.827	6
678650	7148241	678650	7148241	-5148.861	-5148.902	-5148.882	5
678650	7148241	678650	7148241	-5148.902	-5148.962	-5148.932	6
678650	7148241	678650	7148241	-5148.962	-5151.08	-5150.021	5
678650	7148241	678650	7148241	-5151.08	-5151.675	-5151.378	5
678650	7148241	678650	7148241	-5151.675	-5151.781	-5151.728	8
678650	7148241	678650	7148241	-5151.781	-5151.913	-5151.847	6
678650	7148241	678650	7148241	-5151.913	-5152.817	-5152.365	5
678650	7148241	678650	7148241	-5152.817	-5153.165	-5152.991	5
678650	7148241	678650	7148241	-5153.166	-5153.209	-5153.188	7
678650	7148241	678650	7148241	-5153.209	-5154.104	-5153.657	5
678650	7148241	678650	7148241	-5154.104	-5154.19	-5154.147	1
678650	7148241	678650	7148241	-5154.19	-5154.804	-5154.497	5
678650	7148241	678650	7148241	-5154.804	-5155.095	-5154.95	2
678650	7148241	678650	7148241	-5155.095	-5155.859	-5155.477	5
678650	7148241	678650	7148241	-5155.859	-5155.904	-5155.882	7
678650	7148241	678650	7148241	-5155.904	-5155.93	-5155.917	5
678650	7148241	678650	7148241	-5155.93	-5155.975	-5155.953	7
678650	7148241	678650	7148241	-5155.975	-5156.021	-5155.998	6
678650	7148241	678650	7148241	-5156.021	-5156.171	-5156.096	1
678650	7148241	678650	7148241	-5156.171	-5156.225	-5156.198	7
678650	7148241	678650	7148241	-5156.225	-5156.679	-5156.452	5
678650	7148241	678650	7148241	-5156.679	-5156.97	-5156.825	2
678650	7148241	678650	7148241	-5156.97	-5157.265	-5157.118	5
678650	7148241	678650	7148241	-5157.265	-5157.548	-5157.407	1
678650	7148241	678650	7148241	-5157.548	-5157.581	-5157.565	5
678650	7148241	678650	7148241	-5157.581	-5157.883	-5157.732	1
678650	7148241	678650	7148241	-5157.883	-5158.198	-5158.041	6
678650	7148241	678650	7148241	-5158.198	-5158.277	-5158.238	1
678650	7148241	678650	7148241	-5158.277	-5158.682	-5158.48	6
678650	7148241	678650	7148241	-5158.682	-5158.73	-5158.706	7
678650	7148241	678650	7148241	-5158.73	-5158.879	-5158.805	5
678650	7148241	678650	7148241	-5158.879	-5159.257	-5159.068	1
678650	7148241	678650	7148241	-5159.257	-5159.518	-5159.388	5
678650	7148241	678650	7148241	-5159.518	-5159.931	-5159.725	2
678650	7148241	678650	7148241	-5159.931	-5160.135	-5160.033	1
678650	7148241	678650	7148241	-5160.135	-5160.41	-5160.273	2
678650	7148241	678650	7148241	-5160.41	-5160.915	-5160.663	5
678650	7148241	678650	7148241	-5160.915	-5161.286	-5161.101	6
678650	7148241	678650	7148241	-5161.286	-5161.477	-5161.382	5
678650	7148241	678650	7148241	-5161.477	-5164.711	-5163.094	2
678650	7148241	678650	7148241	-5164.711	-5165.539	-5165.125	5
678650	7148241	678650	7148241	-5165.539	-5165.631	-5165.585	6
678650	7148241	678650	7148241	-5165.631	-5165.897	-5165.764	7
678650	7148241	678650	7148241	-5165.897	-5165.945	-5165.921	6
678650	7148241	678650	7148241	-5165.945	-5166.147	-5166.046	7
678650	7148241	678650	7148241	-5166.147	-5167.406	-5166.777	1
678650	7148241	678650	7148241	-5167.447	-5168.918	-5168.183	6
678650	7148241	678650	7148241	-5168.918	-5170.144	-5169.531	5
678650	7148241	678650	7148241	-5170.144	-5170.556	-5170.35	6
678650	7148241	678650	7148241	-5170.556	-5170.631	-5170.594	5
678650	7148241	678650	7148241	-5170.631	-5170.682	-5170.657	6
678650	7148241	678650	7148241	-5170.682	-5174.697	-5172.69	5
678650	7148241	678650	7148241	-5174.697	-5175.063	-5174.88	1
678650	7148241	678650	7148241	-5175.063	-5178.889	-5176.976	5
678650	7148241	678650	7148241	-5178.889	-5178.96	-5178.925	6
678650	7148241	678650	7148241	-5178.96	-5179.068	-5179.014	5
678650	7148241	678650	7148241	-5179.068	-5179.183	-5179.126	6
678650	7148241	678650	7148241	-5179.183	-5179.22	-5179.202	1
678650	7148241	678650	7148241	-5179.22	-5180.627	-5179.924	5
678650	7148241	678650	7148241	-5180.627	-5181.091	-5180.859	6
678650	7148241	678650	7148241	-5181.091	-5182.595	-5181.843	5
678650	7148241	678650	7148241	-5182.595	-5183.344	-5182.97	6
678650	7148241	678650	7148241	-5183.344	-5184.503	-5183.924	5
678650	7148241	678650	7148241	-5184.503	-5184.544	-5184.524	1
678650	7148241	678650	7148241	-5184.544	-5185.643	-5185.094	5
678650	7148241	678650	7148241	-5185.946	-5188.485	-5187.216	5
678650	7148241	678650	7148241	-5188.485	-5188.747	-5188.616	6
678650	7148241	678650	7148241	-5188.747	-5188.796	-5188.772	5
678650	7148241	678650	7148241	-5188.796	-5189.288	-5189.042	6
678650	7148241	678650	7148241	-5189.288	-5190.24	-5189.764	5
678650	7148241	678650	7148241	-5190.24	-5190.46	-5190.35	6
678650	7148241	678650	7148241	-5190.46	-5190.506	-5190.483	5
678650	7148241	678650	7148241	-5190.506	-5191.161	-5190.834	6
678650	7148241	678650	7148241	-5191.161	-5191.497	-5191.329	5
678650	7148241	678650	7148241	-5191.497	-5191.91	-5191.704	5
678650	7148241	678650	7148241	-5191.91	-5192.884	-5192.397	15
678650	7148241	678650	7148241	-5192.884	-5192.911	-5192.898	7
678650	7148241	678650	7148241	-5192.911	-5192.934	-5192.923	15
678650	7148241	678650	7148241	-5192.934	-5192.969	-5192.952	7
678650	7148241	678650	7148241	-5192.969	-5192.993	-5192.981	15
678650	7148241	678650	7148241	-5192.993	-5193.021	-5193.007	7
678650	7148241	678650	7148241	-5193.021	-5193.04	-5193.031	15
678650	7148241	678650	7148241	-5193.04	-5193.058	-5193.049	7
678650	7148241	678650	7148241	-5193.058	-5193.085	-5193.072	15
678650	7148241	678650	7148241	-5193.085	-5193.107	-5193.096	7
678650	7148241	678650	7148241	-5193.107	-5193.147	-5193.127	15
678650	7148241	678650	7148241	-5193.147	-5193.257	-5193.202	7
678650	7148241	678650	7148241	-5193.257	-5193.506	-5193.382	15
678650	7148241	678650	7148241	-5193.506	-5193.839	-5193.673	7
678650	7148241	678650	7148241	-5193.839	-5193.894	-5193.867	15
678650	7148241	678650	7148241	-5193.894	-5196.475	-5195.185	5
678650	7148241	678650	7148241	-5196.475	-5196.873	-5196.674	6
678650	7148241	678650	7148241	-5196.873	-5198.898	-5197.886	5
678650	7148241	678650	7148241	-5198.898	-5199.264	-5199.081	15
678650	7148241	678650	7148241	-5199.264	-5200.992	-5200.128	5
678650	7148241	678650	7148241	-5200.992	-5201.352	-5201.172	15
678650	7148241	678650	7148241	-5201.352	-5201.426	-5201.389	5
678650	7148241	678650	7148241	-5201.426	-5202.578	-5202.002	15
678650	7148241	678650	7148241	-5202.578	-5203.287	-5202.933	5
678650	7148241	678650	7148241	-5203.287	-5203.776	-5203.532	15
678650	7148241	678650	7148241	-5203.9	-5204.1	-5204	6
678650	7148241	678650	7148241	-5204.4	-5204.6	-5204.5	6
678650	7148241	678650	7148241	-5204.45	-5204.65	-5204.55	6
678650	7148241	678650	7148241	-5204.75	-5204.95	-5204.85	6
678650	7148241	678650	7148241	-5205.1	-5205.3	-5205.2	5
678650	7148241	678650	7148241	-5205.45	-5205.65	-5205.55	5
678650	7148241	678650	7148241	-5205.75	-5205.95	-5205.85	6
678650	7148241	678650	7148241	-5206.05	-5206.25	-5206.15	1
678650	7148241	678650	7148241	-5208.1	-5208.3	-5208.2	5
678650	7148241	678650	7148241	-5211.4	-5211.6	-5211.5	5
678650	7148241	678650	7148241	-5215.9	-5216.1	-5216	6
678650	7148241	678650	7148241	-5218.9	-5219.1	-5219	6
678650	7148241	678650	7148241	-5219.9	-5220.1	-5220	5
678650	7148241	678650	7148241	-5222.1	-5222.3	-5222.2	1
678650	7148241	678650	7148241	-5224.4	-5224.6	-5224.5	6
678650	7148241	678650	7148241	-5226.4	-5226.6	-5226.5	1
678650	7148241	678650	7148241	-5229.9	-5230.1	-5230	1
678650	7148241	678650	7148241	-5232.4	-5232.6	-5232.5	1
678650	7148241	678650	7148241	-5240.9	-5241.1	-5241	1
678650	7148241	678650	7148241	-5243.9	-5244.1	-5244	6
678650	7148241	678650	7148241	-5246.4	-5246.6	-5246.5	6
678650	7148241	678650	7148241	-5247.9	-5248.1	-5248	5
678650	7148241	678650	7148241	-5250.1	-5250.3	-5250.2	10
678650	7148241	678650	7148241	-5253.4	-5253.6	-5253.5	1
678650	7148241	678650	7148241	-5254.9	-5255.1	-5255	5
678650	7148241	678650	7148241	-5257.4	-5257.6	-5257.5	6
678650	7148241	678650	7148241	-5259.4	-5259.6	-5259.5	5
678650	7148241	678650	7148241	-5262.9	-5263.1	-5263	1
678650	7148241	678650	7148241	-5265.4	-5265.6	-5265.5	5
678650	7148241	678650	7148241	-5272.4	-5272.6	-5272.5	5
678650	7148241	678650	7148241	-5277.4	-5277.6	-5277.5	6
678650	7148241	678650	7148241	-5281.9	-5282.1	-5282	5
678650	7148241	678650	7148241	-5284.9	-5285.1	-5285	5
678650	7148241	678650	7148241	-5285.9	-5286.1	-5286	5
678650	7148241	678650	7148241	-5289.9	-5290.1	-5290	6
678650	7148241	678650	7148241	-5296.4	-5296.6	-5296.5	1
678650	7148241	678650	7148241	-5298.9	-5299.1	-5299	1
678650	7148241	678650	7148241	-5306.9	-5307.1	-5307	5
678650	7148241	678650	7148241	-5309.9	-5310.1	-5310	1
678650	7148241	678650	7148241	-5314.9	-5315.1	-5315	5
678650	7148241	678650	7148241	-5319.1	-5319.3	-5319.2	7
678650	7148241	678650	7148241	-5326.4	-5326.6	-5326.5	8
678650	7148241	678650	7148241	-5329.4	-5329.6	-5329.5	5
678650	7148241	678650	7148241	-5334.9	-5335.1	-5335	6
678650	7148241	678650	7148241	-5338.9	-5339.1	-5339	7
678650	7148241	678650	7148241	-5344.9	-5345.1	-5345	1
678650	7148241	678650	7148241	-5352.4	-5352.6	-5352.5	1
678650	7148241	678650	7148241	-5357.9	-5358.1	-5358	7
678650	7148241	678650	7148241	-5363.9	-5364.1	-5364	8
